1 697
2 2702
4 697
5 772
5 1601
5 2574
9 353
9 681
9 772
9 773
9 1601
9 2172
11 2034
12 2702
13 1208
18 772
20 513
26 2035
27 837
27 1208
29 515
31 312
32 1460
35 773
35 1208
36 773
38 515
39 935
39 1477
39 1601
39 2313
40 773
40 1477
41 316
41 973
41 1477
41 2262
42 316
43 773
44 316
45 316
45 773
45 837
45 973
45 1322
45 1477
45 2262
46 1322
47 316
47 773
47 837
47 973
47 1477
48 316
48 773
48 837
48 973
48 1322
48 1477
48 2262
49 316
50 1477
51 772
56 513
58 2117
59 2117
60 316
60 2702
61 2117
62 2702
63 2702
64 2702
65 2702
66 2702
67 2702
68 2702
69 2702
70 2702
71 2702
72 2702
73 2702
74 2702
76 316
77 2702
78 2702
79 2702
80 2702
81 935
81 953
82 935
82 935
82 1079
82 1208
83 2263
84 837
84 2574
86 513
88 935
94 2702
95 935
96 773
97 773
98 773
99 772
104 1534
105 1534
106 778
107 953
111 935
112 778
113 1065
117 935
118 953
119 772
120 953
122 778
123 778
124 772
124 2200
126 2200
128 935
130 778
131 935
132 778
133 778
134 935
135 935
135 953
137 953
138 935
139 955
140 778
143 778
143 935
144 935
145 953
147 935
148 778
150 935
151 953
153 935
154 778
155 935
156 2154
157 935
159 935
161 935
161 1278
162 772
163 778
164 935
165 778
166 953
167 778
168 778
169 935
172 935
173 935
174 935
175 935
176 935
177 778
178 2263
179 935
180 2263
181 2263
182 935
183 2263
184 2263
185 2263
186 953
187 2263
188 2263
189 2263
190 935
191 935
191 2263
192 2263
193 1601
193 2574
194 772
198 1601
201 681
201 772
205 1278
207 1142
209 2702
210 2702
212 973
213 772
214 2702
215 2702
221 697
224 837
224 1208
226 353
226 1601
226 2574
227 2702
229 772
230 935
231 772
232 312
236 1378
237 1356
238 1278
240 1208
242 2702
245 312
249 2035
251 316
252 1601
253 1378
253 2702
254 681
255 2034
255 2574
256 772
256 935
256 1378
256 2702
262 1208
265 2702
266 2262
270 2702
272 2117
274 312
274 312
277 2702
280 772
284 2702
285 837
285 1208
286 778
289 2262
290 2262
291 1601
292 772
293 930
294 681
295 1208
300 2702
302 2702
302 2702
305 2702
312 232
312 245
312 256
312 431
312 612
312 884
312 935
312 935
312 984
312 1302
312 1316
312 1559
312 1559
312 1877
312 1878
312 1884
312 2483
312 2527
312 2527
312 2580
313 1378
316 57
316 316
316 566
316 1264
316 1378
316 1391
316 1423
316 2247
316 2656
316 2688
320 935
322 1378
324 1208
325 1208
327 1208
327 1208
328 1208
330 2172
331 2172
333 2702
335 2702
337 2702
340 953
341 772
343 697
348 778
350 935
352 772
353 442
353 820
353 981
353 1250
353 1560
353 1623
353 1799
353 2001
353 2036
356 2702
357 955
359 1208
361 773
361 773
361 935
366 1601
368 748
373 475
375 515
376 1079
379 1477
381 353
381 1601
381 2574
383 353
386 2702
388 1278
389 1378
390 2702
391 353
391 2574
394 2702
401 2702
402 2034
403 1601
403 2574
410 1322
416 773
422 316
423 1601
428 513
431 1534
432 772
432 1601
432 2172
437 2702
441 772
441 1601
445 1208
446 935
447 316
449 2702
451 406
451 2702
454 2702
455 953
457 1378
457 2702
458 1601
459 2702
462 2172
463 1601
465 2250
465 2313
465 2313
465 2540
467 2035
468 2702
469 2702
471 2702
472 513
473 487
473 638
473 776
474 2702
476 513
476 513
476 513
476 697
476 837
476 837
476 935
476 935
476 935
476 953
476 1208
476 1208
476 1378
476 1477
476 1965
478 778
478 953
479 312
479 1285
480 772
481 754
481 1378
482 818
483 2739
484 21
484 549
484 550
484 718
484 1064
484 1563
484 1757
484 1857
484 2041
484 2085
484 2315
484 2400
484 2425
484 2560
484 2695
486 1285
495 2702
496 773
497 773
498 773
499 773
500 312
501 953
502 953
503 1208
504 681
504 772
504 778
504 778
504 874
504 953
504 955
504 1278
504 2035
504 2154
506 772
507 837
508 772
508 1601
511 1601
513 296
513 400
513 488
513 542
513 581
513 624
513 795
513 836
513 854
513 925
513 1185
513 1219
513 1262
513 1316
513 1321
513 1336
513 1431
513 1475
513 1785
513 1866
513 2013
513 2018
513 2138
513 2340
513 2415
513 2570
513 2739
514 484
515 318
515 491
515 492
515 512
515 533
515 626
515 626
515 722
515 788
515 882
515 1030
515 1087
515 1147
515 1174
515 1341
515 1448
515 1608
515 1856
515 1881
515 1909
515 2220
515 2590
515 2635
516 316
517 2702
518 2035
519 773
521 316
521 1378
521 2702
522 316
523 772
525 772
526 2574
527 837
527 935
527 953
527 1208
527 1601
530 1208
530 2035
530 2035
532 763
533 515
533 837
535 2436
537 973
539 1378
541 2702
543 697
543 772
543 1601
543 2172
543 2574
545 2702
546 953
547 484
547 837
548 484
549 484
550 484
550 935
551 681
552 1208
553 935
553 935
554 773
554 837
555 353
556 1601
557 773
558 773
561 2702
562 316
563 772
563 2702
564 2574
565 773
566 1378
567 2574
569 2702
570 316
570 1378
570 2702
571 515
572 2702
573 414
573 524
573 665
573 1875
573 2076
573 2212
573 2566
574 316
574 1378
575 409
575 1208
575 2172
575 2702
576 935
579 935
582 2702
583 681
585 754
585 773
585 1378
585 2035
586 2574
587 1162
587 2140
587 2266
588 2172
589 316
589 2117
590 2702
591 772
593 1378
594 1378
595 772
596 2702
597 953
598 2574
599 772
601 1378
601 2702
602 2702
603 2574
604 778
605 513
605 953
606 953
607 1142
607 1142
608 2574
609 953
610 1601
610 2574
611 1378
611 2702
612 312
612 2540
612 2702
613 773
614 773
615 2263
616 353
616 1601
617 316
617 1378
617 2702
618 772
619 2035
619 2035
620 2702
621 778
621 953
622 513
622 1142
622 1601
623 772
625 935
625 2702
627 772
627 2172
628 2574
630 822
630 823
630 824
631 2702
634 1378
634 2117
634 2117
634 2702
635 973
635 973
637 316
637 1378
637 2702
643 2412
644 935
647 697
649 2702
650 2702
651 2702
652 2702
654 2702
657 2702
659 1208
660 2702
662 935
666 1460
667 773
668 778
670 2702
672 681
672 772
674 2702
676 2702
677 953
678 2702
679 973
681 234
681 282
681 520
681 681
681 876
681 941
681 1980
683 353
683 697
683 772
683 935
683 1285
683 1601
683 2172
684 1477
690 2702
691 2702
694 2702
695 2702
696 773
697 8
697 75
697 202
697 204
697 219
697 248
697 248
697 261
697 264
697 268
697 275
697 312
697 316
697 319
697 329
697 336
697 346
697 354
697 362
697 374
697 377
697 415
697 431
697 438
697 454
697 461
697 466
697 487
697 527
697 539
697 615
697 626
697 638
697 642
697 661
697 673
697 697
697 747
697 776
697 796
697 799
697 835
697 837
697 853
697 893
697 894
697 904
697 934
697 999
697 1015
697 1037
697 1050
697 1081
697 1111
697 1119
697 1137
697 1151
697 1186
697 1203
697 1290
697 1298
697 1309
697 1311
697 1320
697 1342
697 1360
697 1361
697 1365
697 1380
697 1381
697 1382
697 1396
697 1413
697 1420
697 1432
697 1438
697 1454
697 1461
697 1463
697 1464
697 1465
697 1486
697 1497
697 1504
697 1517
697 1530
697 1538
697 1559
697 1561
697 1568
697 1579
697 1611
697 1621
697 1635
697 1644
697 1662
697 1716
697 1723
697 1745
697 1753
697 1762
697 1768
697 1796
697 1801
697 1846
697 1849
697 1852
697 1855
697 1859
697 1860
697 1889
697 1892
697 1898
697 1907
697 1913
697 1963
697 1972
697 1997
697 1999
697 2037
697 2053
697 2055
697 2066
697 2071
697 2091
697 2109
697 2111
697 2126
697 2130
697 2143
697 2158
697 2163
697 2168
697 2233
697 2246
697 2255
697 2256
697 2270
697 2290
697 2305
697 2316
697 2329
697 2334
697 2349
697 2350
697 2368
697 2373
697 2395
697 2403
697 2411
697 2415
697 2424
697 2432
697 2437
697 2439
697 2440
697 2446
697 2456
697 2457
697 2469
697 2480
697 2487
697 2492
697 2499
697 2505
697 2511
697 2537
697 2543
697 2546
697 2551
697 2553
697 2558
697 2561
697 2580
697 2592
697 2598
697 2606
697 2607
697 2612
697 2615
697 2617
697 2628
697 2661
697 2662
697 2664
697 2692
697 2694
697 2702
697 2718
697 2720
697 2744
697 2746
698 513
699 1208
699 1601
702 772
703 2034
705 935
706 697
706 2702
707 2172
708 772
708 2035
709 2702
711 573
713 955
713 1065
715 2702
717 316
720 773
721 778
721 1285
724 2702
726 1378
728 2702
731 2702
732 1208
733 2702
735 1601
736 1378
736 1378
738 2172
739 513
739 772
739 772
741 2262
742 973
743 2702
745 1378
746 681
748 258
748 259
748 260
748 573
748 834
748 972
748 1028
748 2668
749 973
750 2702
752 1278
754 346
754 375
754 430
754 481
754 493
754 611
754 663
754 736
754 754
754 909
754 953
754 977
754 1010
754 1045
754 1232
754 1363
754 1378
754 1393
754 1406
754 1431
754 1481
754 1514
754 1549
754 1614
754 1718
754 1722
754 1792
754 1793
754 1827
754 1911
754 1919
754 1934
754 2016
754 2042
754 2052
754 2064
754 2070
754 2072
754 2084
754 2097
754 2141
754 2258
754 2298
754 2323
754 2342
754 2388
754 2504
754 2554
754 2601
754 2681
754 2702
754 2706
754 2707
754 2713
754 2739
755 2034
756 316
756 2574
756 2702
757 837
757 1208
758 316
758 2702
759 2702
760 772
761 484
765 1208
765 1208
766 935
767 14
767 14
767 220
767 235
767 387
767 562
767 575
767 651
767 682
767 712
767 763
767 806
767 862
767 997
767 1044
767 1077
767 1126
767 1177
767 1184
767 1213
767 1221
767 1229
767 1308
767 1323
767 1339
767 1384
767 1557
767 2081
767 2232
767 2381
767 2496
767 2567
767 2586
767 2640
768 772
770 1601
771 2702
772 162
772 256
772 314
772 530
772 736
772 739
772 739
772 744
772 795
772 795
772 1156
772 1170
772 1273
772 1276
772 1316
772 1316
772 1317
772 1388
772 1549
772 2176
772 2739
773 33
773 704
773 1014
773 1314
773 1618
773 1650
775 1208
777 2702
778 110
778 122
778 143
778 148
778 163
778 177
778 247
778 345
778 349
778 464
778 510
778 574
778 621
778 1086
778 1358
778 1401
778 1432
778 1528
778 1553
778 1582
778 1721
778 2011
778 2128
778 2224
778 2460
778 2594
780 2262
781 773
782 2702
783 1278
784 513
785 515
786 930
787 2702
788 515
788 515
790 2702
791 2702
792 2702
793 2702
794 1378
794 2702
795 772
796 2702
797 53
797 200
797 796
797 893
797 2144
797 2501
798 697
802 2702
804 2702
805 2702
806 1689
806 1825
806 2018
806 2092
806 2407
806 2407
807 1208
808 953
810 2574
811 1965
812 1322
813 772
814 2702
816 1378
817 2702
818 482
821 953
822 973
822 1142
822 1208
826 2702
827 2702
828 316
828 2702
829 2034
831 955
833 953
834 748
836 1208
837 27
837 205
837 224
837 228
837 268
837 349
837 360
837 369
837 422
837 427
837 431
837 437
837 454
837 476
837 476
837 490
837 505
837 529
837 531
837 538
837 559
837 560
837 575
837 615
837 634
837 637
837 669
837 693
837 732
837 759
837 763
837 765
837 816
837 822
837 822
837 833
837 837
837 864
837 885
837 887
837 902
837 927
837 945
837 991
837 991
837 996
837 1000
837 1023
837 1047
837 1066
837 1095
837 1098
837 1177
837 1184
837 1211
837 1214
837 1309
837 1310
837 1326
837 1332
837 1345
837 1367
837 1416
837 1512
837 1570
837 1593
837 1668
837 1771
837 1904
837 1953
837 1954
837 1998
837 2005
837 2006
837 2038
837 2039
837 2068
837 2073
837 2163
837 2347
837 2361
837 2372
837 2568
837 2621
837 2675
838 1208
839 515
839 515
840 973
842 2702
843 2702
844 316
845 316
845 2702
846 513
846 773
846 2702
847 773
848 2702
850 414
851 1278
852 2172
855 2702
856 2702
858 1378
858 2702
859 774
859 2110
859 2725
860 2702
862 1965
863 1965
864 1965
865 2702
866 2702
868 935
869 312
869 772
869 953
869 1278
869 1356
871 2034
872 515
873 748
874 875
874 1201
874 2301
877 773
877 955
878 2034
879 2386
880 681
881 935
883 2702
884 316
884 1378
884 2702
885 1378
886 772
888 2702
890 772
894 2702
898 2574
899 2263
900 773
900 2034
902 316
902 1278
902 2117
902 2262
903 316
906 2574
907 1278
908 772
911 2702
913 973
915 513
915 773
915 1601
915 2574
917 2574
918 773
920 2200
922 2702
923 2702
924 1278
926 681
927 1378
927 2702
928 772
928 2172
929 935
930 1388
930 1391
930 1424
930 2019
930 2422
930 2554
930 2613
935 81
935 95
935 107
935 109
935 114
935 116
935 121
935 125
935 127
935 129
935 134
935 136
935 141
935 142
935 143
935 149
935 152
935 158
935 160
935 161
935 164
935 171
935 172
935 186
935 308
935 312
935 312
935 376
935 446
935 476
935 476
935 476
935 514
935 527
935 527
935 553
935 577
935 579
935 579
935 580
935 597
935 662
935 710
935 739
935 762
935 766
935 773
935 773
935 845
935 868
935 935
935 935
935 953
935 953
935 963
935 985
935 986
935 1002
935 1049
935 1076
935 1084
935 1208
935 1316
935 1316
935 1343
935 1407
935 1478
935 1500
935 1501
935 1513
935 1567
935 1567
935 1684
935 1700
935 1778
935 1778
935 1790
935 1930
935 1974
935 2169
935 2254
935 2527
935 2541
935 2721
935 2726
935 2728
939 2702
940 2702
944 473
945 1208
946 2436
947 2702
948 1278
949 2034
951 1601
953 109
953 135
953 146
953 154
953 177
953 382
953 407
953 476
953 478
953 621
953 629
953 710
953 778
953 819
953 821
953 935
953 955
953 959
953 1084
953 1084
953 1275
953 1407
953 1606
953 2087
953 2667
954 312
955 30
955 113
955 216
955 326
955 436
955 476
955 586
955 597
955 624
955 633
955 640
955 641
955 689
955 837
955 1065
955 1243
955 1407
955 1522
955 1523
955 1752
955 1848
955 1864
955 2198
955 2295
955 2543
955 2549
955 2607
959 1378
961 1378
964 2702
965 2702
966 2034
967 697
968 1278
972 837
973 339
973 635
973 658
973 742
973 913
973 913
973 913
973 935
973 1104
973 1474
973 2605
974 2702
975 2034
976 513
977 874
978 773
979 2702
980 2386
982 2702
983 1601
985 1378
986 935
988 2574
989 773
990 2702
991 837
991 955
991 1208
993 1378
994 1285
995 1208
997 935
997 2702
998 772
998 2702
1000 1278
1001 1142
1004 1278
1005 2702
1006 2702
1007 655
1007 1373
1007 1427
1007 1600
1007 1714
1007 1945
1007 1984
1008 2702
1010 2702
1011 1079
1014 773
1016 2702
1017 1460
1021 2540
1021 2540
1023 1477
1024 2702
1025 2702
1028 748
1028 748
1029 2702
1030 515
1030 515
1032 1285
1033 2702
1034 2702
1036 2702
1043 2702
1046 2702
1050 406
1054 2574
1055 2574
1055 2702
1057 2172
1059 2200
1061 935
1062 1142
1062 1601
1062 2702
1063 2702
1065 139
1065 216
1065 586
1065 598
1065 624
1065 633
1065 640
1065 701
1065 935
1065 1407
1065 1496
1065 2087
1065 2089
1065 2300
1065 2458
1065 2517
1065 2549
1066 681
1067 2702
1068 2172
1070 772
1070 1601
1071 312
1071 772
1071 2172
1072 316
1073 2702
1074 2172
1076 681
1079 3
1079 196
1079 281
1079 342
1079 429
1079 457
1079 622
1079 664
1079 723
1079 729
1079 867
1079 933
1079 1027
1079 1031
1079 1051
1079 1052
1079 1120
1079 1212
1079 1225
1079 1313
1079 1343
1079 1407
1079 1531
1079 1566
1079 1569
1079 1571
1079 1584
1079 1624
1079 1746
1079 1831
1079 1983
1079 2140
1079 2161
1079 2183
1079 2583
1079 2614
1079 2616
1079 2616
1079 2693
1079 2717
1080 2702
1081 697
1084 953
1084 953
1086 513
1087 2702
1088 697
1091 2702
1099 697
1100 2702
1104 973
1106 772
1107 316
1109 1208
1109 1208
1110 2702
1111 697
1112 2702
1115 2702
1116 772
1117 316
1118 515
1120 1378
1120 2702
1122 778
1123 353
1123 953
1123 2263
1124 2702
1125 2702
1129 2702
1130 2702
1131 513
1131 1278
1134 1601
1136 316
1138 353
1139 2702
1141 2702
1142 207
1142 207
1142 302
1142 302
1142 357
1142 397
1142 421
1142 421
1142 622
1142 753
1142 773
1142 822
1142 840
1142 935
1142 1062
1142 1142
1142 1521
1142 1589
1142 1806
1142 1842
1142 1843
1142 1865
1142 1989
1142 1990
1142 2051
1142 2466
1142 2483
1142 2689
1143 1278
1145 953
1146 1278
1146 2702
1148 681
1148 2702
1149 772
1151 772
1151 1278
1151 2172
1153 484
1153 513
1154 2574
1157 316
1157 2702
1158 2702
1159 2702
1161 2702
1162 484
1163 2702
1164 2702
1165 2702
1165 2702
1166 2702
1167 2702
1169 2702
1171 772
1171 2172
1172 1601
1173 2702
1177 1965
1179 1278
1180 1278
1182 2702
1183 2702
1183 2702
1185 316
1187 2702
1188 2172
1191 2702
1192 2702
1193 2702
1194 2702
1195 2702
1198 1378
1199 2702
1200 772
1201 513
1201 2702
1204 513
1205 2702
1206 484
1208 6
1208 14
1208 15
1208 17
1208 22
1208 27
1208 28
1208 54
1208 89
1208 90
1208 91
1208 92
1208 93
1208 217
1208 224
1208 234
1208 243
1208 244
1208 263
1208 264
1208 276
1208 285
1208 297
1208 298
1208 310
1208 318
1208 323
1208 358
1208 359
1208 365
1208 395
1208 398
1208 400
1208 411
1208 412
1208 413
1208 445
1208 456
1208 460
1208 476
1208 476
1208 527
1208 529
1208 531
1208 538
1208 539
1208 559
1208 569
1208 589
1208 615
1208 634
1208 636
1208 637
1208 642
1208 646
1208 653
1208 656
1208 669
1208 675
1208 680
1208 685
1208 692
1208 700
1208 719
1208 730
1208 732
1208 732
1208 733
1208 734
1208 734
1208 751
1208 757
1208 763
1208 765
1208 776
1208 807
1208 811
1208 816
1208 822
1208 822
1208 837
1208 837
1208 862
1208 891
1208 901
1208 902
1208 908
1208 910
1208 912
1208 927
1208 935
1208 945
1208 957
1208 958
1208 962
1208 1018
1208 1047
1208 1048
1208 1091
1208 1092
1208 1093
1208 1113
1208 1115
1208 1132
1208 1133
1208 1144
1208 1176
1208 1177
1208 1178
1208 1184
1208 1196
1208 1197
1208 1200
1208 1204
1208 1207
1208 1208
1208 1213
1208 1220
1208 1238
1208 1261
1208 1263
1208 1267
1208 1271
1208 1307
1208 1308
1208 1309
1208 1323
1208 1324
1208 1325
1208 1326
1208 1336
1208 1337
1208 1338
1208 1343
1208 1343
1208 1345
1208 1345
1208 1347
1208 1347
1208 1349
1208 1367
1208 1389
1208 1398
1208 1398
1208 1420
1208 1421
1208 1465
1208 1468
1208 1471
1208 1474
1208 1510
1208 1521
1208 1533
1208 1545
1208 1559
1208 1578
1208 1588
1208 1593
1208 1607
1208 1615
1208 1621
1208 1625
1208 1630
1208 1631
1208 1636
1208 1643
1208 1696
1208 1725
1208 1726
1208 1727
1208 1735
1208 1770
1208 1778
1208 1778
1208 1812
1208 1816
1208 1830
1208 1835
1208 1868
1208 1869
1208 1870
1208 1871
1208 1954
1208 1957
1208 1962
1208 1985
1208 1995
1208 2009
1208 2044
1208 2065
1208 2090
1208 2118
1208 2120
1208 2122
1208 2134
1208 2135
1208 2152
1208 2153
1208 2170
1208 2179
1208 2186
1208 2191
1208 2192
1208 2193
1208 2195
1208 2208
1208 2216
1208 2230
1208 2231
1208 2326
1208 2347
1208 2348
1208 2350
1208 2351
1208 2352
1208 2361
1208 2367
1208 2392
1208 2409
1208 2416
1208 2474
1208 2490
1208 2493
1208 2498
1208 2506
1208 2512
1208 2523
1208 2568
1208 2569
1208 2576
1208 2591
1208 2598
1208 2599
1208 2638
1208 2639
1208 2643
1208 2644
1208 2655
1208 2657
1208 2661
1208 2663
1208 2668
1208 2673
1208 2683
1208 2692
1208 2701
1208 2703
1208 2704
1208 2716
1209 513
1209 697
1209 1208
1209 2702
1210 1208
1213 772
1213 1965
1215 2172
1216 1278
1217 316
1217 2702
1218 772
1219 316
1219 1378
1219 2702
1222 2702
1223 2702
1227 1601
1228 2702
1230 1278
1231 2702
1233 773
1233 1601
1234 1378
1234 1378
1235 293
1235 302
1235 417
1235 727
1235 1235
1235 1378
1235 1547
1235 1748
1235 2284
1245 2702
1247 1078
1247 1834
1247 1944
1248 2702
1249 772
1251 2702
1252 1601
1253 312
1254 2702
1255 1836
1257 1378
1259 475
1260 1601
1261 1208
1261 2540
1264 316
1264 316
1264 2702
1265 2702
1266 1477
1271 312
1271 1378
1272 1322
1274 772
1275 953
1276 772
1278 892
1278 1169
1278 1419
1278 1465
1278 2184
1278 2470
1278 2708
1281 2702
1282 1685
1282 1800
1282 1902
1282 2017
1282 2067
1282 2212
1282 2308
1282 2444
1282 2450
1282 2596
1284 85
1284 267
1284 426
1284 774
1284 914
1284 921
1284 936
1284 959
1284 960
1284 971
1284 1039
1284 1082
1284 1090
1284 1295
1284 1319
1284 1453
1284 1585
1284 1589
1284 1603
1284 1646
1284 1664
1284 1717
1284 1763
1284 1829
1284 1853
1284 1880
1284 1883
1284 1917
1284 1928
1284 1929
1284 1937
1284 1940
1284 1973
1284 2050
1284 2121
1284 2149
1284 2162
1284 2222
1284 2400
1284 2438
1284 2740
1285 124
1285 126
1285 721
1285 1270
1285 1359
1285 1456
1285 2178
1285 2263
1285 2320
1287 2702
1288 773
1289 316
1289 2702
1291 772
1292 2702
1294 2702
1295 2386
1298 681
1298 1278
1299 513
1300 1322
1301 2702
1304 2034
1305 772
1306 2702
1307 2034
1315 2200
1316 772
1316 953
1318 2702
1322 241
1322 410
1322 465
1322 550
1322 550
1322 551
1322 585
1322 630
1322 716
1322 1329
1322 1338
1322 1833
1322 2540
1323 312
1323 1965
1323 2262
1326 697
1327 772
1328 935
1328 953
1329 1601
1330 1378
1331 1378
1331 2702
1332 1322
1332 2540
1332 2702
1333 2035
1334 773
1335 2702
1336 1208
1338 772
1341 515
1343 1208
1344 1208
1345 1208
1346 1208
1348 1208
1350 1378
1352 2702
1353 473
1353 837
1355 772
1356 2633
1357 772
1357 772
1359 2594
1367 837
1367 1208
1371 2574
1376 2172
1378 37
1378 199
1378 236
1378 256
1378 274
1378 321
1378 375
1378 389
1378 470
1378 476
1378 481
1378 485
1378 536
1378 540
1378 566
1378 585
1378 736
1378 744
1378 752
1378 754
1378 756
1378 794
1378 815
1378 884
1378 909
1378 916
1378 1003
1378 1021
1378 1033
1378 1040
1378 1056
1378 1103
1378 1108
1378 1140
1378 1181
1378 1219
1378 1219
1378 1239
1378 1258
1378 1269
1378 1355
1378 1370
1378 1378
1378 1378
1378 1388
1378 1391
1378 1403
1378 1423
1378 1424
1378 1424
1378 1431
1378 1431
1378 1447
1378 1465
1378 1514
1378 1526
1378 1540
1378 1549
1378 1549
1378 1559
1378 1633
1378 1678
1378 1678
1378 1681
1378 1682
1378 1690
1378 1702
1378 1708
1378 1720
1378 1730
1378 1759
1378 1808
1378 1845
1378 1895
1378 1919
1378 2019
1378 2019
1378 2030
1378 2069
1378 2070
1378 2182
1378 2324
1378 2356
1378 2397
1378 2422
1378 2434
1378 2445
1378 2507
1378 2554
1378 2554
1378 2557
1378 2578
1378 2580
1378 2614
1378 2636
1378 2655
1378 2702
1378 2742
1378 2743
1378 2743
1379 2702
1384 1278
1386 513
1386 772
1386 935
1386 953
1388 2702
1389 1208
1389 1322
1395 2702
1396 754
1397 1601
1400 2702
1405 2263
1405 2702
1406 2702
1407 1065
1408 2262
1410 2702
1412 1601
1417 2034
1418 316
1420 1208
1423 1378
1423 2702
1424 316
1424 754
1424 1378
1426 513
1426 2702
1426 2702
1427 772
1427 1601
1429 2702
1430 2172
1431 513
1432 935
1434 1208
1436 772
1436 1278
1436 2172
1437 754
1440 772
1440 1278
1440 1601
1440 2172
1440 2702
1441 772
1442 772
1442 1208
1442 1278
1442 1601
1442 2172
1443 772
1444 681
1444 772
1446 513
1450 316
1450 1378
1450 2702
1451 773
1451 1278
1455 772
1456 1285
1458 773
1459 1278
1459 2034
1462 681
1465 1378
1466 2702
1469 2574
1470 513
1471 2702
1476 2702
1477 279
1477 309
1477 379
1477 527
1477 585
1477 1968
1477 2234
1478 935
1480 2436
1483 2702
1484 2702
1485 773
1485 2262
1487 2034
1492 772
1492 953
1495 2702
1498 754
1498 754
1498 1378
1498 2313
1498 2540
1498 2540
1499 772
1503 2702
1506 772
1506 837
1508 513
1509 2702
1511 772
1514 754
1518 772
1519 316
1520 2702
1521 1142
1525 515
1527 2702
1534 104
1534 105
1534 431
1534 1062
1534 1062
1534 1782
1534 1787
1534 1802
1534 2148
1534 2228
1534 2341
1534 2341
1535 1378
1536 1378
1536 2702
1537 2702
1539 2702
1541 312
1548 2034
1549 754
1549 1378
1550 2702
1551 2172
1555 1278
1555 2702
1558 1285
1559 312
1562 2702
1564 772
1564 772
1564 1278
1564 2702
1565 2035
1567 935
1569 772
1569 1322
1570 2702
1572 312
1572 2034
1574 2034
1576 973
1578 1278
1578 2436
1581 2702
1583 473
1587 697
1590 773
1593 837
1593 1208
1593 1278
1594 2574
1595 1208
1596 473
1597 55
1597 439
1597 1415
1597 1706
1597 1758
1597 2260
1597 2524
1598 2574
1599 513
1601 52
1601 208
1601 256
1601 257
1601 736
1601 744
1601 795
1601 1213
1601 1273
1601 1286
1601 1317
1601 1388
1601 1403
1601 1404
1601 1431
1601 1554
1601 1556
1601 2176
1601 2179
1601 2184
1601 2214
1601 2358
1601 2483
1601 2708
1601 2724
1601 2739
1602 316
1602 2702
1604 1378
1605 2574
1612 406
1613 681
1617 772
1619 681
1620 2436
1626 353
1626 681
1626 772
1626 953
1626 2034
1626 2574
1627 2702
1628 1601
1629 837
1629 1208
1634 2702
1638 773
1639 2172
1640 681
1647 2702
1648 513
1649 2574
1652 1378
1652 2702
1653 1278
1654 1601
1655 406
1656 1278
1657 935
1659 1235
1660 634
1660 634
1660 645
1661 697
1665 2702
1666 681
1667 513
1669 1208
1670 681
1672 2702
1673 773
1674 2172
1675 2034
1676 2702
1677 2702
1678 1378
1680 697
1680 1278
1680 2117
1680 2574
1686 513
1687 2034
1691 406
1692 2172
1695 681
1699 2574
1701 1601
1704 2035
1704 2263
1705 681
1707 773
1709 2034
1710 1208
1711 2034
1712 306
1712 524
1712 534
1712 1020
1712 2106
1712 2162
1712 2251
1712 2676
1712 2677
1713 2574
1715 681
1719 353
1724 513
1724 2117
1728 697
1729 772
1731 2117
1732 1601
1733 2702
1736 2702
1737 935
1737 953
1737 1601
1737 2574
1738 2117
1740 1601
1740 2574
1741 1477
1743 2702
1744 2034
1747 1278
1749 772
1750 681
1751 773
1759 316
1759 316
1759 953
1759 953
1759 1378
1759 2702
1760 2702
1763 2702
1765 2702
1767 681
1769 2574
1772 2034
1775 1278
1776 1278
1777 312
1779 1278
1779 2702
1780 2034
1784 2574
1786 513
1787 1534
1788 697
1789 2034
1792 2702
1794 772
1794 2172
1795 681
1799 935
1799 2034
1799 2262
1803 2034
1809 312
1810 2436
1815 1601
1817 681
1819 697
1820 681
1821 1235
1822 312
1823 1965
1824 806
1826 2702
1833 1322
1837 697
1838 473
1838 1278
1838 1601
1838 2035
1840 935
1840 953
1847 2386
1858 1601
1861 1601
1862 211
1862 273
1862 1422
1863 353
1870 1208
1871 1208
1871 1208
1872 1208
1878 2702
1881 1278
1882 2574
1884 312
1886 697
1886 1378
1887 2034
1888 2117
1891 587
1894 2702
1895 2702
1896 513
1899 2262
1909 515
1910 772
1916 1477
1918 1208
1919 754
1923 681
1924 2172
1925 2436
1927 2574
1930 935
1931 1378
1933 353
1935 772
1936 1065
1939 2702
1941 2702
1943 16
1943 25
1943 223
1943 224
1943 262
1943 351
1943 422
1943 426
1943 434
1943 456
1943 528
1943 550
1943 551
1943 610
1943 699
1943 734
1943 773
1943 809
1943 822
1943 823
1943 841
1943 914
1943 921
1943 950
1943 957
1943 958
1943 972
1943 973
1943 1089
1943 1135
1943 1150
1943 1237
1943 1241
1943 1354
1943 1389
1943 1439
1943 1490
1943 1493
1943 1516
1943 1568
1943 1609
1943 1622
1943 1642
1943 1663
1943 1697
1943 1698
1943 1766
1943 1774
1943 1839
1943 1850
1943 1900
1943 1908
1943 1915
1943 1922
1943 1938
1943 1940
1943 1995
1943 2049
1943 2063
1943 2162
1943 2177
1943 2194
1943 2196
1943 2248
1943 2269
1943 2325
1943 2393
1943 2405
1943 2410
1943 2477
1943 2505
1943 2575
1943 2624
1943 2663
1943 2714
1946 2702
1947 1208
1948 573
1951 1378
1952 1208
1954 837
1954 1208
1958 2702
1958 2702
1959 1278
1960 935
1961 850
1965 271
1965 286
1965 299
1965 347
1965 356
1965 371
1965 374
1965 384
1965 387
1965 476
1965 811
1965 862
1965 864
1965 1177
1965 1177
1965 1184
1965 1213
1965 1323
1965 1340
1965 1502
1965 1643
1965 1823
1965 1838
1965 1950
1965 2159
1965 2261
1965 2262
1965 2263
1965 2418
1965 2429
1965 2503
1965 2552
1965 2600
1965 2602
1965 2686
1965 2711
1965 2729
1966 353
1966 1601
1966 2574
1970 1208
1975 1601
1976 1208
1977 1601
1986 2702
1987 353
1988 2262
1991 773
1992 2262
1993 1559
1993 2483
1993 2699
1994 2262
1997 772
2000 748
2002 1278
2003 2702
2007 772
2007 2172
2009 513
2010 778
2011 935
2012 955
2012 1065
2012 1285
2019 754
2019 1378
2020 587
2024 772
2025 772
2025 1278
2025 2540
2025 2574
2028 2702
2029 353
2034 1440
2034 1441
2034 1443
2034 1445
2034 1505
2034 1703
2034 1804
2034 1841
2034 1903
2034 1969
2034 2004
2034 2057
2034 2124
2034 2145
2034 2166
2034 2207
2034 2294
2034 2323
2034 2383
2034 2491
2034 2515
2034 2577
2034 2669
2035 23
2035 115
2035 467
2035 619
2035 1153
2035 1283
2035 1565
2035 2099
2035 2225
2035 2631
2035 2655
2035 2657
2035 2657
2035 2697
2037 2172
2039 681
2040 513
2040 681
2040 772
2044 353
2045 2412
2047 2702
2048 953
2051 1142
2058 2172
2061 1208
2069 2702
2073 837
2075 316
2075 2702
2077 1208
2078 2574
2079 1285
2083 681
2084 754
2084 874
2087 1065
2088 1065
2092 806
2093 2702
2094 697
2095 2702
2096 1208
2098 1278
2099 2035
2100 1208
2102 2034
2103 1378
2104 1278
2105 2574
2107 772
2108 2574
2109 2702
2115 1601
2116 773
2116 973
2117 170
2117 308
2117 418
2117 1280
2117 1926
2117 2278
2123 773
2128 778
2131 837
2133 973
2137 2702
2139 874
2142 312
2146 1460
2148 2702
2150 1965
2154 1316
2155 681
2156 935
2156 1208
2157 953
2165 513
2169 935
2171 2262
2172 7
2172 14
2172 19
2172 24
2172 100
2172 101
2172 102
2172 103
2172 195
2172 203
2172 206
2172 209
2172 210
2172 218
2172 221
2172 222
2172 225
2172 231
2172 239
2172 245
2172 249
2172 250
2172 267
2172 269
2172 278
2172 283
2172 301
2172 303
2172 304
2172 305
2172 307
2172 311
2172 317
2172 330
2172 330
2172 332
2172 333
2172 337
2172 338
2172 344
2172 349
2172 352
2172 355
2172 358
2172 362
2172 363
2172 364
2172 367
2172 370
2172 372
2172 376
2172 378
2172 380
2172 384
2172 392
2172 393
2172 396
2172 397
2172 399
2172 401
2172 404
2172 408
2172 408
2172 415
2172 419
2172 424
2172 431
2172 433
2172 435
2172 437
2172 443
2172 444
2172 450
2172 452
2172 453
2172 466
2172 467
2172 489
2172 522
2172 531
2172 542
2172 544
2172 563
2172 570
2172 574
2172 575
2172 578
2172 584
2172 585
2172 588
2172 589
2172 592
2172 600
2172 601
2172 632
2172 634
2172 637
2172 639
2172 648
2172 657
2172 686
2172 687
2172 704
2172 714
2172 717
2172 725
2172 728
2172 729
2172 737
2172 740
2172 753
2172 763
2172 764
2172 769
2172 770
2172 779
2172 789
2172 799
2172 800
2172 801
2172 803
2172 830
2172 832
2172 837
2172 848
2172 849
2172 858
2172 861
2172 889
2172 895
2172 896
2172 897
2172 902
2172 905
2172 908
2172 911
2172 925
2172 928
2172 931
2172 932
2172 933
2172 935
2172 937
2172 938
2172 940
2172 942
2172 943
2172 952
2172 956
2172 969
2172 970
2172 979
2172 987
2172 990
2172 992
2172 1000
2172 1009
2172 1012
2172 1013
2172 1019
2172 1026
2172 1027
2172 1035
2172 1038
2172 1041
2172 1042
2172 1047
2172 1049
2172 1051
2172 1052
2172 1053
2172 1074
2172 1074
2172 1074
2172 1075
2172 1083
2172 1085
2172 1086
2172 1091
2172 1094
2172 1096
2172 1097
2172 1101
2172 1102
2172 1113
2172 1127
2172 1128
2172 1136
2172 1137
2172 1139
2172 1153
2172 1155
2172 1160
2172 1164
2172 1165
2172 1167
2172 1168
2172 1176
2172 1177
2172 1178
2172 1182
2172 1183
2172 1184
2172 1186
2172 1188
2172 1189
2172 1190
2172 1191
2172 1193
2172 1202
2172 1212
2172 1216
2172 1224
2172 1225
2172 1226
2172 1239
2172 1240
2172 1242
2172 1246
2172 1251
2172 1268
2172 1273
2172 1274
2172 1277
2172 1278
2172 1279
2172 1293
2172 1294
2172 1297
2172 1303
2172 1312
2172 1343
2172 1350
2172 1351
2172 1358
2172 1360
2172 1364
2172 1368
2172 1371
2172 1372
2172 1374
2172 1375
2172 1377
2172 1383
2172 1385
2172 1387
2172 1392
2172 1394
2172 1400
2172 1402
2172 1405
2172 1409
2172 1410
2172 1411
2172 1414
2172 1425
2172 1428
2172 1430
2172 1432
2172 1433
2172 1435
2172 1436
2172 1440
2172 1449
2172 1451
2172 1452
2172 1457
2172 1464
2172 1467
2172 1471
2172 1472
2172 1473
2172 1479
2172 1482
2172 1488
2172 1489
2172 1490
2172 1491
2172 1494
2172 1496
2172 1497
2172 1502
2172 1503
2172 1507
2172 1512
2172 1515
2172 1526
2172 1529
2172 1532
2172 1537
2172 1538
2172 1542
2172 1543
2172 1543
2172 1544
2172 1546
2172 1552
2172 1557
2172 1558
2172 1568
2172 1570
2172 1573
2172 1575
2172 1577
2172 1586
2172 1591
2172 1592
2172 1610
2172 1632
2172 1645
2172 1671
2172 1683
2172 1688
2172 1689
2172 1693
2172 1694
2172 1734
2172 1739
2172 1742
2172 1754
2172 1755
2172 1756
2172 1761
2172 1764
2172 1773
2172 1783
2172 1791
2172 1797
2172 1798
2172 1805
2172 1807
2172 1811
2172 1813
2172 1828
2172 1844
2172 1851
2172 1854
2172 1867
2172 1873
2172 1874
2172 1879
2172 1885
2172 1890
2172 1893
2172 1897
2172 1898
2172 1901
2172 1912
2172 1916
2172 1920
2172 1921
2172 1932
2172 1942
2172 1949
2172 1956
2172 1964
2172 1978
2172 1979
2172 1981
2172 1982
2172 1983
2172 2003
2172 2008
2172 2011
2172 2014
2172 2015
2172 2018
2172 2021
2172 2022
2172 2023
2172 2025
2172 2027
2172 2031
2172 2032
2172 2043
2172 2046
2172 2054
2172 2059
2172 2060
2172 2074
2172 2080
2172 2082
2172 2099
2172 2101
2172 2114
2172 2119
2172 2125
2172 2127
2172 2132
2172 2136
2172 2147
2172 2151
2172 2160
2172 2164
2172 2167
2172 2168
2172 2172
2172 2173
2172 2181
2172 2186
2172 2187
2172 2189
2172 2209
2172 2210
2172 2211
2172 2214
2172 2219
2172 2223
2172 2224
2172 2227
2172 2236
2172 2244
2172 2245
2172 2252
2172 2253
2172 2259
2172 2261
2172 2270
2172 2272
2172 2292
2172 2293
2172 2296
2172 2297
2172 2299
2172 2303
2172 2306
2172 2312
2172 2314
2172 2319
2172 2321
2172 2327
2172 2335
2172 2336
2172 2337
2172 2343
2172 2344
2172 2351
2172 2359
2172 2361
2172 2362
2172 2363
2172 2364
2172 2369
2172 2370
2172 2375
2172 2376
2172 2380
2172 2385
2172 2401
2172 2402
2172 2406
2172 2408
2172 2419
2172 2421
2172 2428
2172 2433
2172 2435
2172 2441
2172 2443
2172 2447
2172 2448
2172 2452
2172 2454
2172 2459
2172 2461
2172 2462
2172 2463
2172 2472
2172 2473
2172 2475
2172 2476
2172 2481
2172 2484
2172 2495
2172 2513
2172 2525
2172 2528
2172 2532
2172 2534
2172 2544
2172 2548
2172 2553
2172 2555
2172 2559
2172 2563
2172 2570
2172 2571
2172 2572
2172 2573
2172 2578
2172 2581
2172 2585
2172 2586
2172 2593
2172 2603
2172 2608
2172 2610
2172 2610
2172 2611
2172 2618
2172 2619
2172 2620
2172 2623
2172 2625
2172 2626
2172 2629
2172 2630
2172 2645
2172 2655
2172 2657
2172 2658
2172 2660
2172 2665
2172 2666
2172 2671
2172 2672
2172 2674
2172 2678
2172 2685
2172 2690
2172 2696
2172 2697
2172 2698
2172 2700
2172 2705
2172 2709
2172 2712
2172 2715
2172 2719
2172 2727
2172 2731
2172 2733
2172 2734
2172 2736
2172 2751
2172 2752
2173 2702
2174 955
2175 681
2176 1378
2176 1601
2176 2702
2179 316
2179 2702
2180 773
2182 1378
2184 2702
2185 953
2188 1142
2188 1378
2188 1477
2188 2702
2197 108
2197 504
2199 773
2200 919
2200 1059
2200 1651
2200 2200
2201 2574
2202 475
2202 475
2203 772
2204 2172
2205 2172
2206 513
2209 1601
2213 2574
2215 2172
2218 681
2220 515
2220 515
2221 1965
2224 778
2226 2702
2229 1065
2231 2702
2234 2702
2237 2702
2238 316
2238 2702
2239 2702
2241 1601
2242 2172
2243 2702
2247 316
2249 697
2250 94
2250 465
2250 465
2250 1021
2250 1022
2250 1236
2250 1322
2250 1332
2250 1390
2250 1399
2250 1818
2250 2025
2250 2026
2250 2540
2250 2739
2253 2702
2257 2702
2262 34
2262 197
2262 420
2262 585
2262 811
2262 1524
2262 1914
2262 1965
2262 2399
2262 2747
2263 124
2263 126
2263 163
2263 287
2263 288
2263 338
2263 435
2263 481
2263 494
2263 568
2263 615
2263 637
2263 671
2263 825
2263 826
2263 849
2263 857
2263 899
2263 931
2263 1058
2263 1060
2263 1066
2263 1121
2263 1137
2263 1178
2263 1256
2263 1296
2263 1316
2263 1366
2263 1369
2263 1580
2263 1616
2263 1637
2263 1641
2263 1781
2263 1814
2263 1832
2263 1866
2263 1906
2263 1955
2263 1967
2263 2011
2263 2062
2263 2113
2263 2129
2263 2151
2263 2160
2263 2263
2263 2322
2263 2345
2263 2368
2263 2427
2263 2489
2263 2571
2263 2586
2263 2587
2263 2588
2263 2614
2263 2622
2263 2632
2263 2645
2264 1965
2264 2035
2265 1965
2265 2035
2266 1208
2267 353
2267 1601
2267 2574
2268 353
2273 2172
2273 2172
2273 2436
2273 2436
2274 2172
2275 473
2275 2574
2276 473
2277 2172
2279 1278
2280 2574
2281 935
2281 935
2282 773
2283 2172
2284 1235
2285 1278
2286 681
2287 681
2288 772
2288 1278
2288 1601
2289 2702
2291 2702
2298 312
2298 754
2298 2540
2299 681
2302 513
2302 697
2302 772
2302 1278
2302 1601
2302 2172
2304 772
2307 1601
2307 2034
2307 2574
2309 1378
2309 2172
2311 1208
2313 465
2313 1498
2313 2540
2317 2035
2318 1378
2320 312
2320 1285
2326 1208
2326 1208
2328 2702
2330 772
2330 1208
2330 1278
2330 1601
2331 515
2331 515
2332 2034
2333 1322
2338 1601
2338 2574
2346 312
2352 2262
2353 2034
2354 1378
2355 773
2357 2702
2360 2034
2365 1601
2366 1278
2371 2702
2374 2702
2377 10
2377 316
2377 316
2377 681
2377 681
2377 681
2377 2035
2378 2035
2382 772
2382 1278
2384 773
2386 381
2386 381
2386 405
2386 575
2386 656
2386 656
2386 688
2387 850
2389 1278
2390 773
2391 681
2391 1278
2394 681
2394 2117
2396 2702
2397 1378
2397 1378
2398 1208
2404 483
2404 1391
2404 2702
2408 2035
2413 681
2414 2702
2417 2034
2419 1278
2420 1278
2421 1278
2422 2702
2423 2702
2426 935
2430 2702
2431 2702
2436 477
2436 535
2436 1810
2442 1278
2449 2035
2449 2035
2451 2702
2455 2386
2464 935
2464 935
2465 312
2466 1142
2467 2702
2468 2035
2468 2574
2471 2034
2478 2702
2479 1208
2482 874
2482 2172
2483 312
2483 312
2483 2540
2485 2702
2486 316
2486 2702
2488 772
2494 1208
2497 2702
2500 2574
2504 2702
2506 681
2508 2034
2509 2436
2510 772
2514 2574
2516 1965
2518 353
2519 772
2521 681
2521 2574
2522 2172
2526 2702
2530 681
2530 1601
2531 772
2533 2702
2535 2702
2536 772
2539 2702
2540 256
2540 312
2540 465
2540 465
2540 612
2540 934
2540 1021
2540 1152
2540 1390
2540 1391
2540 1423
2540 1426
2540 1498
2540 1498
2540 2313
2540 2605
2540 2702
2540 2702
2540 2739
2541 935
2545 697
2547 2702
2549 955
2549 1065
2550 681
2552 1278
2554 1378
2554 1378
2555 2702
2556 772
2557 513
2561 2702
2562 1285
2564 2117
2565 2035
2567 767
2567 953
2567 953
2568 837
2568 1208
2568 1208
2570 2172
2574 87
2574 1244
2574 2310
2574 2542
2579 2702
2580 312
2580 2702
2582 1378
2584 2702
2589 2263
2590 515
2590 772
2590 2574
2595 515
2595 772
2604 2034
2605 973
2605 2313
2605 2540
2609 513
2610 2172
2614 2263
2614 2263
2619 2702
2623 2172
2627 1285
2634 772
2635 515
2637 473
2637 513
2641 2702
2642 316
2642 1378
2642 2702
2643 1208
2646 312
2647 778
2648 773
2649 953
2650 772
2651 1278
2652 1460
2653 1278
2654 930
2655 2035
2655 2702
2656 316
2657 312
2657 1378
2657 2035
2657 2702
2659 16
2659 233
2659 246
2659 334
2659 425
2659 440
2659 448
2659 509
2659 656
2659 823
2659 870
2659 1069
2659 1082
2659 1295
2659 1362
2659 1609
2659 1697
2659 1839
2659 1905
2659 1971
2659 1996
2659 2086
2659 2112
2659 2217
2659 2235
2659 2339
2659 2379
2659 2453
2659 2502
2659 2529
2659 2538
2659 2597
2659 2730
2659 2741
2670 2702
2671 2702
2679 2702
2680 1460
2680 2702
2682 513
2682 2574
2684 2702
2687 2262
2688 2702
2689 1142
2691 1601
2702 94
2702 94
2702 312
2702 312
2702 315
2702 385
2702 385
2702 566
2702 612
2702 690
2702 869
2702 1028
2702 1054
2702 1062
2702 1105
2702 1114
2702 1175
2702 1559
2702 1572
2702 1658
2702 1679
2702 1792
2702 1806
2702 1876
2702 1877
2702 1884
2702 2033
2702 2056
2702 2069
2702 2069
2702 2190
2702 2240
2702 2271
2702 2271
2702 2371
2702 2483
2702 2483
2702 2520
2702 2540
2702 2557
2702 2580
2702 2728
2702 2742
2704 2702
2710 1278
2710 2117
2710 2172
2721 935
2721 935
2722 2172
2723 2702
2731 2702
2732 2702
2735 837
2735 2574
2737 353
2738 2172
2739 312
2739 513
2739 513
2739 754
2739 2540
2742 1378
2743 1378
2745 1477
2745 1477
2748 2574
2749 681
2750 2436
